Evaluation Metrics for RegDGCNN
Model Checkpoint: experiments/DrivAerNet_Pressure/best_model.pth
Number of samples: 5

MSE: 1.266539
MSE_std: 0.447364
MAE: 0.737888
MAE_std: 0.033899
RMSE: 1.110539
RMSE_std: 0.182324
Max_Error: 22.442377
Max_Error_std: 24.069933
Rel_L2: 9.471090
Rel_L2_std: 3.523058
Rel_L1: 9.471090
Rel_L1_std: 3.523058
